a = [0.5,0.5,0.5,0.5;0.653,0.271,-0.271,-0.653;0.5,-0.5,-0.5,0.5;0.27,-0.653,0.653,-0.271];
b = a';
c =[16,32,48,64;
    80,96,112,128;
    144,160,176,192;
    208,224,240,256];
d = b*c*a;
d(4,1) = d(4,1) +15;
d(3,2) = d(3,2) +15;
d(2,3) = d(2,3) +15;
d(1,4) = d(1,4) +15;
m = a*d*b;
f = d;
f(1,4) = 30;
f(3,2) = 30;
e = a*f*b;
f_1 = b*e*a;


